Corn (OZC|ZC) ZC1Q6 (6.49 DTE) vs 440.75 (+0) - Open Interest
Put: 2,571 Call: 4,403 Vol: 22.71 Vol Chg: -0.22 Future Chg: 0
Strike,Call,Put,Vol Settle
405,0,400,0
410,0,0,0.26697254325290487
415,0,0,0.2461552846249333
420,0,2,0.23330797951894056
425,0,25,0.22643285460367224
430,0,169,0.22389165622439577
435,0,188,0.2244056504010814
440,30,154,0.22705562283204017
445,76,92,0.231281878890627
450,818,530,0.23688424362717342
455,558,41,0.24402206176614527
460,762,484,0.2532141977117135
465,681,484,0.2653390355415013
470,140,0,0.2816344790110179
475,29,0,0.3036979515513849
480,223,0,0.33348639626979093
