Palladium (PAO|PA) PAOV6 (15.40 DTE) vs 1371 (-7.3) - Open Interest
Put: 177 Call: 382 Vol: 42.09 Vol Chg: 0.04 Future Chg: -7.3
Strike,Call,Put,Vol Settle
1060,0,0,0
1070,0,0,0
1080,0,0,0
1090,0,0,0
1100,0,10,0
1115,0,0,0
1120,0,0,0
1125,0,0,0
1130,0,0,0
1135,0,0,0
1140,0,0,0
1145,0,0,0
1150,0,0,0
1155,0,20,0.4219833485300448
1160,0,0,0.42320906972177497
1165,0,0,0.4242611748947098
1170,0,0,0.42515012043365985
1175,0,0,0.42588614284707305
1180,0,0,0.4264792587668076
1185,0,0,0.42693926494870027
1190,0,0,0.427275738271895
1195,0,0,0.42749803573946465
1200,0,0,0.42761529447790636
1205,0,0,0.42763643173732646
1210,0,0,0.42757014489171397
1215,0,0,0.4274249114384112
1220,0,0,0.4272089889984798
1225,0,11,0.4269304153167681
1230,0,0,0.4265970082614672
1235,0,0,0.42621636582467204
1240,0,0,0.4257958661219945
1245,0,0,0.42534266739261994
1250,0,27,0.424863707999549
1255,0,0,0.4243657064291497
1260,0,0,0.4238551612916197
1265,0,1,0.4233383513207656
1270,0,0,0.4228213353739392
1275,0,2,0.4223099524322649
1280,0,0,0.4218098216003767
1285,0,0,0.42132634210651077
1290,0,0,0.4208646933027609
1295,0,0,0.42042983466451034
1300,0,30,0.4200265057911139
1305,0,0,0.4196592264053862
1310,0,0,0.41933229635365166
1320,0,20,0.4188155842567127
1325,0,26,0.4186333025224016
1330,0,0,0.4185063707444385
1340,0,0,0.4184311390394484
1350,0,20,0.41861285434242745
1360,1,0,0.4190709638319703
1370,0,0,0.4198213966650215
1375,0,0,0.4203102502377192
1380,0,0,0.42087656397643514
1390,0,0,0.42224535887935843
1400,20,10,0.42393315646494756
1410,0,0,0.4259418138024458
1420,0,0,0.42826966993930426
1425,1,0,0.4295518165507701
1430,0,0,0.4309115459010471
1440,0,0,0.43385874469137775
1450,100,0,0.43709905129199456
1460,0,0,0.440616732662761
1470,0,0,0.44439253774170595
1475,10,0,0.446370258755735
1480,10,0,0.44840369744485997
1490,10,0,0.4526239246665398
1500,17,0,0.4570234142789644
1510,0,0,0.4615688431326248
1520,0,0,0.46622337005611314
1525,0,0,0.46857907046891967
1530,0,0,0.4709466358561798
1540,0,0,0.4756947633174633
1550,51,0,0.480420357202874
1560,0,0,0.4850725042535373
1570,0,0,0.4895967731885804
1575,0,0,0.49179298162830776
1580,0,0,0.49393521470511814
1590,0,0,0.4980263614786935
1600,13,0,0.5018052281627092
1750,149,0,0
