Gold (OG|GC) OGV6 (23.22 DTE) vs 4389.5 (-57.3) - Open Interest
Put: 62,441 Call: 124,970 Vol: 22.85 Vol Chg: 0.93 Future Chg: -57.3
Strike,Call,Put,Vol Settle
3690,0,39,0
3695,0,68,0
3700,1,749,0
3705,0,31,0
3710,0,12,0
3715,0,220,0
3720,0,43,0
3725,0,116,0
3730,0,30,0
3735,0,91,0
3740,0,35,0
3745,2,41,0
3750,0,661,0
3755,0,212,0
3760,0,211,0
3765,0,200,0
3770,0,35,0
3775,0,209,0
3780,0,17,0
3785,0,34,0
3790,0,23,0
3795,1,33,0
3800,5,1716,0
3805,0,308,0
3810,0,47,0
3815,0,61,0
3820,0,69,0
3825,1,63,0
3830,0,16,0
3835,0,19,0
3840,0,36,0.28868158425985513
3845,0,34,0.28711408376241465
3850,0,1090,0.28556901361798026
3855,0,23,0.2840462123399412
3860,0,95,0.2825455190912667
3865,0,47,0.2810667736844934
3870,4,23,0.2796098165817149
3875,2,285,0.2781744888946598
3880,0,49,0.27676063238450865
3885,0,74,0.27536808946213576
3890,1,55,0.2739967031878834
3895,0,27,0.2726463172717377
3900,106,2022,0.271316776073224
3905,0,58,0.27000792460143863
3910,1,81,0.2687196085150596
3915,0,9,0.26745167412230586
3920,0,106,0.2662039683810349
3925,0,91,0.26497633889856687
3930,0,41,0.2637686339319103
3935,13,55,0.26258070238756126
3940,1,107,0.2614123938216171
3945,2,62,0.2602635584397248
3950,36,501,0.25913404709713106
3955,1,74,0.25802371129866586
3960,24,494,0.25693240319866817
3965,1,69,0.2558599756011155
3970,0,130,0.25480628195947297
3975,3,200,0.2537711763768957
3980,11,45,0.25275451360597145
3985,1,44,0.25175614904897436
3990,1,69,0.2507759387576858
3995,0,150,0.2498137394334865
4000,120,1550,0.2488694084272982
4005,2,33,0.24794280373961897
4010,0,62,0.24703378402057297
4015,7,26,0.2461422085697773
4020,25,127,0.24526793733645746
4025,85,210,0.24441083091939397
4030,84,220,0.2435707505669562
4035,40,47,0.2427475581770988
4040,4,102,0.24194111629728887
4045,13,73,0.24115128812462316
4050,94,796,0.24037793750573222
4055,10,51,0.23962092893685316
4060,142,101,0.2388801275637178
4065,24,52,0.23815539918171424
4070,29,180,0.23744661023579638
4075,32,478,0.23675362782040388
4080,34,59,0.23607631967963982
4085,5,25,0.23541455420712865
4090,120,237,0.2347682004460765
4095,6,72,0.23413712808926235
4100,952,1977,0.23352120747903626
4105,193,188,0.23292030960730514
4110,16,102,0.23233430611555406
4115,9,166,0.23176306929487644
4120,25,91,0.23120647208587464
4125,26,237,0.230664388078754
4130,29,353,0.230136691513259
4135,169,236,0.2296232572787904
4140,11,123,0.22912396091420284
4145,8,160,0.2286386786080019
4150,380,1043,0.22816728719823764
4155,41,86,0.22770966417253113
4160,29,73,0.22726568766808342
4165,51,195,0.2268352364716506
4170,20,76,0.22641819001955987
4175,94,242,0.22601442839772723
4180,85,66,0.22562383234162198
4185,24,107,0.22524628323628093
4190,22,54,0.22488166311634394
4195,14,45,0.22452985466597752
4200,1909,2555,0.22419074121893345
4205,64,81,0.22386420675857366
4210,36,51,0.22355013591774942
4215,72,98,0.22324841397895234
4220,68,72,0.22295892687422558
4225,100,256,0.22268156118517624
4230,53,116,0.22241620414296115
4235,42,74,0.22216274362835442
4240,21,72,0.22192106817166923
4245,76,105,0.2216910669527934
4250,385,900,0.22147262980120708
4255,55,736,0.2212656471959118
4260,71,83,0.2210700102655423
4265,118,298,0.22088561078822622
4270,242,336,0.220712341191744
4275,143,128,0.22055009455341335
4280,79,247,0.22039876460007335
4285,73,35,0.22025824570822827
4290,105,111,0.22012843290386996
4295,86,76,0.22000922186262883
4300,1576,2337,0.21990050890962287
4305,31,114,0.2198021910196264
4310,126,93,0.21971416581692438
4315,213,268,0.21963633157540308
4320,32,246,0.2195685872185198
4325,156,228,0.21951083231925494
4330,361,99,0.21946296710026658
4335,44,249,0.21942489243363283
4340,64,21,0.2193965098411379
4345,39,45,0.21937772149404466
4350,1629,1493,0.21936843021327412
4355,106,42,0.21936853946920642
4360,75,40,0.2193779533818887
4365,54,73,0.2193965767209125
4370,59,99,0.2194243149053925
4375,554,492,0.21946107400410497
4380,63,69,0.2195067607352641
4385,80,1117,0.2195612824668025
4390,101,111,0.2196245472161138
4395,53,96,0.2196964636502301
4400,2641,2898,0.21977694108572976
4405,54,55,0.219865889488716
4410,81,80,0.2199632194749661
4415,136,63,0.22006884230970414
4420,318,137,0.2201826699078211
4425,137,295,0.22030461483369734
4430,142,114,0.22043459030141221
4435,85,46,0.22057251017448465
4440,79,139,0.22071828896604373
4445,209,121,0.22087184183882158
4450,1209,1214,0.22103308460509652
4455,50,54,0.22120193372672148
4460,115,77,0.22137830631507072
4465,106,96,0.22156212013118903
4470,165,41,0.22175329358561058
4475,148,802,0.2219517457384761
4480,152,37,0.22215739629950093
4485,83,375,0.22237016562790757
4490,197,47,0.22258997473260322
4495,263,62,0.2228167452719525
4500,2718,2244,0.22305039955397987
4505,157,42,0.2232908605362134
4510,275,152,0.22353805182575925
4515,198,33,0.2237918976793658
4520,132,58,0.2240523230032352
4525,431,274,0.22431925335325786
4530,46,24,0.22459261493478522
4535,98,50,0.22487233460286404
4540,121,97,0.2251583398619772
4545,59,42,0.22545055886631005
4550,918,996,0.22574892041945915
4555,225,290,0.2260533539747449
4560,107,99,0.22636378963502324
4565,195,32,0.2266801581526181
4570,147,72,0.22700239092954533
4575,1310,269,0.22733042001734205
4580,461,732,0.2276641781171307
4585,120,53,0.228003598579555
4590,217,53,0.2283486154048937
4595,135,31,0.228699163242986
4600,4502,1010,0.22905517739316394
4605,42,18,0.22941659380445856
4610,327,141,0.22978334907534048
4615,94,47,0.23015538045397577
4620,41,97,0.23053262583799494
4625,454,126,0.23091502377466355
4630,240,148,0.23130251346078978
4635,154,18,0.23169503474277064
4640,533,154,0.2320925281165387
4645,503,64,0.23249493472765081
4650,2272,420,0.23290219637119236
4655,38,32,0.2333142554917984
4660,131,47,0.23373105518377102
4665,214,31,0.23415253919084478
4670,149,15,0.2345786519064781
4675,278,218,0.23500933837354054
4680,542,711,0.23544454428460782
4685,422,7,0.23588421598175913
4690,61,9,0.23632830045665543
4695,91,29,0.23677674535050386
4700,4138,833,0.23722949895411816
4705,40,8,0.23768651020790443
4710,160,52,0.2381477287017546
4715,43,11,0.238613104675224
4720,125,10,0.23908258901738932
4725,399,175,0.23955613326685565
4730,118,7,0.24003368961189864
4735,40,1,0.24051521089029038
4740,25,3,0.24100065058942377
4745,128,1,0.24148996284618462
4750,3281,178,0.2419831024471577
4755,183,169,0.2424800248283283
4760,39,1,0.2429806860753949
4765,47,11,0.24348504292358442
4770,65,3,0.24399305275762018
4775,486,39,0.24450467361197425
4780,102,2,0.24501986417046595
4785,49,1,0.2455385837666455
4790,58,1,0.24606079238357736
4795,82,0,0.2465864506539006
4800,5632,127,0.24711551985981117
4805,401,12,0.247647961933108
4810,321,19,0.24818373945514693
4815,67,39,0.24872281565682997
4820,82,2,0.24926515441868702
4825,240,0,0.24981072027074802
4830,192,10,0.2503594783926424
4835,18,13,0.25091139461357415
4840,37,18,0.25146643541233615
4845,39,20,0.25202456791729233
4850,2111,80,0.2525857599063066
4855,14,0,0.25314997980689213
4860,257,0,0.25371719669607984
4865,30,0,0.2542873803005534
4870,55,0,0.2548605009964575
4875,94,1,0.2554365298096002
4880,63,5,0.25601543841525043
4885,86,0,0.25659719913837264
4890,55,0,0.2571817849534561
4895,37,6,0.25776916948451145
4900,5466,93,0.25835932700520914
4905,236,0,0.2589522324386664
4910,39,3,0.25954786135772423
4915,32,1,0.26014618998464556
4920,215,1,0.26074719519136025
4925,187,10,0.2613508544993586
4930,52,1,0.2619571460796237
4935,36,5,0.26256604875283074
4940,14,0,0.26317754198916177
4945,41,0,0.2637916059083345
4950,2666,0,0.2644082212796519
4955,41,0,0.2650273695221017
4960,163,0,0.26564903270404727
4965,25,13,0.2662731935436149
4970,55,0,0.2668998354083527
4975,512,0,0.2675289423154261
4980,49,2,0.2681604989316071
4985,67,0,0.2687944905732351
4990,150,0,0.2694309032061639
4995,253,1,0.2700697234458467
5000,7089,61,0.2707109385573361
5005,1136,0,0.2713545364552381
5010,149,1,0.27200050570367296
5015,209,0,0.27264883551643493
5020,86,0,0.2732995157568432
5025,196,0,0.2739525369377276
5030,186,0,0.2746078902215352
5035,45,0,0.2752655674203517
5040,39,0,0.2759255609956952
5045,69,0,0.27658786405877933
5050,634,25,0.27725247037034606
5055,73,0,0.2779193743406623
5060,58,1,0.27858857102962986
5065,32,0,0.2792600561466543
5070,64,0,0.27993382605081507
5075,316,0,0.28060987775061363
5080,148,0,0.2812882089042361
5085,57,0,0.2819688178194788
5090,33,0,0.28265170345357404
5095,83,0,0.28333686541338565
5100,2375,2,0.2840243039553556
5105,98,0,0.2847140199855147
5110,92,0,0.28540601505942575
5115,83,0,0.28610029138223325
5120,110,1,0.2867968518086741
5125,106,2,0.2874956998430065
5130,243,0,0.2881968396391308
5135,72,1,0.288900276000426
5140,74,0,0.2896060143799737
5145,64,0,0.2903140608802701
5150,1151,2,0.2910244222535212
5155,439,0,0.2917371059013618
5160,74,0,0.2924521198751151
5165,42,0,0.29316947287565753
5170,67,0,0.2938891742534082
5175,431,0,0.2946112340083218
5180,64,0,0.29533566278997725
5185,38,0,0.296062471897546
5190,29,0,0.29679167327967093
5195,241,0,0.29752327953472246
5200,4578,101,0.2982573039104395
5205,200,0,0.2989937603042918
