Russell 2K (RTO|RTY) R1AQ6 (2.43 DTE) vs 2938 (+0) - Intraday Volume
Put: 0 Call: 0 Vol: 11.70 Vol Chg: 0.07 Future Chg: 0
Strike,Call,Put,Vol Settle
2860,0,0,0.1661541897465213
2870,0,0,0.1595183127992641
2875,0,0,0.15635734645547927
2880,0,0,0.15326809243197204
2890,0,0,0.14722306648582162
2900,0,0,0.1412485128203116
2910,0,0,0.13525544933327183
2920,0,0,0.12920063401361404
2925,0,0,0.126149063316916
2930,0,0,0.12308656485038227
2940,0,0,0.11696147985458083
2950,0,0,0.11091935714284773
2960,0,0,0.10509991481376346
2970,0,0,0.09968861105517135
2975,0,0,0.09720647383801406
2980,0,0,0.09491664404595213
2990,0,0,0
3000,0,0,0
3010,0,0,0
3020,0,0,0
