Urea FOB US Gulf (UGO|UFV) UGOQ6 (27.25 DTE) vs 417.5 (+0) - Open Interest
Put: 220 Call: 0 Vol: 28.15 Vol Chg: 0.00 Future Chg: 0
Strike,Call,Put,Vol Settle
335,0,0,0.344648712
340,0,0,0.340285406
345,0,100,0.3359221
350,0,0,0.331558794
355,0,0,0.327195489
360,0,0,0.322832183
365,0,0,0.318468877
370,0,0,0.314105571
375,0,0,0.309742266
380,0,0,0.30537896
385,0,0,0.301015654
390,0,0,0.296652348
395,0,15,0.292289043
400,0,15,0.281465391
405,0,0,0.281465391
410,0,0,0.281465391
415,0,0,0.281465391
420,0,75,0.281465391
425,0,0,0.281465391
430,0,0,0.281465391
435,0,0,0.281465391
440,0,0,0.281465391
445,0,0,0.281465391
450,0,15,0.281465391
455,0,0,0.281465391
460,0,0,0.281465391
465,0,0,0.281465391
470,0,0,0.281465391
475,0,0,0.281465391
480,0,0,0.281465391
485,0,0,0.281465391
490,0,0,0.281465391
495,0,0,0.281465391
500,0,0,0.281465391
505,0,0,0.281465391
510,0,0,0.281465391
515,0,0,0.281465391
520,0,0,0.281465391
