Urea FOB US Gulf (UGO|UFV) UGOQ6 (23.06 DTE) vs 403 (+0) - Open Interest
Put: 220 Call: 0 Vol: 23.77 Vol Chg: 0.00 Future Chg: 0
Strike,Call,Put,Vol Settle
340,0,0,0.310791738
345,0,100,0.306175862
350,0,0,0.301559986
355,0,0,0.29694411
360,0,0,0.292328234
365,0,0,0.287712358
370,0,0,0.283096481
375,0,0,0.278480605
380,0,0,0.273864729
385,0,0,0.269248853
390,0,0,0.264632977
395,0,15,0.260017101
400,0,15,0.237721467
405,0,0,0.237721467
410,0,0,0.237721467
415,0,0,0.237721467
420,0,75,0.237721467
425,0,0,0.237721467
430,0,0,0.237721467
435,0,0,0.237721467
440,0,0,0.237721467
445,0,0,0.237721467
450,0,15,0.237721467
455,0,0,0.237721467
460,0,0,0.237721467
465,0,0,0.237721467
470,0,0,0.237721467
475,0,0,0.237721467
480,0,0,0.237721467
