HRW Wheat (OKE|KE) OE1Q6 (6.49 DTE) vs 707.5 (+0) - Intraday Volume
Put: 0 Call: 0 Vol: 32.90 Vol Chg: 0.14 Future Chg: 0
Strike,Call,Put,Vol Settle
620,0,0,0
625,0,0,0
630,0,0,0
635,0,0,0
640,0,0,0
645,0,0,0.3488557775897474
650,0,0,0.3396918815888006
655,0,0,0.3321115633984508
660,0,0,0.3260497592755256
665,0,0,0.3214412565549274
670,0,0,0.318220693649665
675,0,0,0.3163225600508257
680,0,0,0.3156811963275792
685,0,0,0.31623079412719823
690,0,0,0.31790539617505464
695,0,0,0.320638896274553
700,0,0,0.3243650393072408
705,0,0,0.3290174212327641
710,0,0,0.3345294890887942
715,0,0,0.3408345409911817
720,0,0,0.347865726133775
725,0,0,0.3555560447885564
730,0,0,0.3638383483056278
735,0,0,0.3726453391130957
740,0,0,0.3819095707172515
745,0,0,0.39156344770240015
750,0,0,0.40153922573096823
755,0,0,0.41176901154348267
760,0,0,0.42218476295854446
765,0,0,0.4327182888728287
770,0,0,0.4433012492611299
775,0,0,0.4538651551763051
780,0,0,0.46434136874932586
785,0,0,0.47466110318923826
790,0,0,0.4847554227831603
795,0,0,0.49455524289634134
800,0,0,0.5039913299720835
805,0,0,0.5129943015317862
